51,
4,
-1,
-6,
-9,
-10,
-6,
0,
7,
13,
14,
10,
2,
-8,
-17,
-20,
-16,
-5,
9,
22,
27,
24,
10,
-9,
-26,
-36,
-33,
-17,
7,
31,
47,
46,
28,
-3,
-36,
-60,
-64,
-43,
-4,
41,
76,
87,
66,
17,
-45,
-98,
-121,
-101,
-38,
49,
132,
178,
163,
81,
-51,
-194,
-296,
-307,
-192,
53,
399,
788,
1145,
1394,
1484,
1394,
1145,
788,
399,
53,
-192,
-307,
-296,
-194,
-51,
81,
163,
178,
132,
49,
-38,
-101,
-121,
-98,
-45,
17,
66,
87,
76,
41,
-4,
-43,
-64,
-60,
-36,
-3,
28,
46,
47,
31,
7,
-17,
-33,
-36,
-26,
-9,
10,
24,
27,
22,
9,
-5,
-16,
-20,
-17,
-8,
2,
10,
14,
13,
7,
0,
-6,
-10,
-9,
-6,
-1,
4,
51